Names:
A0B0C0 A0B0C1 A0B1C0 A0B1C1 A1B0C0 A1B0C1 A1B1C0 A1B1C1 A0B0 A0B1 A1B0 A1B1 A0C0 A0C1 A1C0 A1C1 B0C0 B0C1 B1C0 B1C1 A0 A1 B0 B1 C0 C1

Maps:
A0B0C0 A0B0C1 A1B0C0 A1B0C1 A0B1C0 A0B1C1 A1B1C0 A1B1C1 A0B0 A1B0 A0B1 A1B1 B0C0 B0C1 B1C0 B1C1 A0C0 A0C1 A1C0 A1C1 B0 B1 A0 A1 C0 C1
A0B0C0 A1B0C0 A0B1C0 A1B1C0 A0B0C1 A1B0C1 A0B1C1 A1B1C1 B0C0 B1C0 B0C1 B1C1 A0C0 A1C0 A0C1 A1C1 A0B0 A1B0 A0B1 A1B1 C0 C1 B0 B1 A0 A1
A0B0C0 A0B1C0 A0B0C1 A0B1C1 A1B0C0 A1B1C0 A1B0C1 A1B1C1 A0C0 A0C1 A1C0 A1C1 A0B0 A0B1 A1B0 A1B1 B0C0 B1C0 B0C1 B1C1 A0 A1 C0 C1 B0 B1
A1B0C0 A1B0C1 A1B1C0 A1B1C1 A0B0C0 A0B0C1 A0B1C0 A0B1C1 A1B0 A1B1 A0B0 A0B1 A1C0 A1C1 A0C0 A0C1 B0C0 B0C1 B1C0 B1C1 A1 A0 B0 B1 C0 C1
A0B1C0 A0B1C1 A0B0C0 A0B0C1 A1B1C0 A1B1C1 A1B0C0 A1B0C1 A0B1 A0B0 A1B1 A1B0 A0C0 A0C1 A1C0 A1C1 B1C0 B1C1 B0C0 B0C1 A0 A1 B1 B0 C0 C1
A0B0C1 A0B0C0 A0B1C1 A0B1C0 A1B0C1 A1B0C0 A1B1C1 A1B1C0 A0B0 A0B1 A1B0 A1B1 A0C1 A0C0 A1C1 A1C0 B0C1 B0C0 B1C1 B1C0 A0 A1 B0 B1 C1 C0
-A0B0C0 -A0B0C1 -A0B1C0 -A0B1C1 A1B0C0 A1B0C1 A1B1C0 A1B1C1 -A0B0 -A0B1 A1B0 A1B1 -A0C0 -A0C1 A1C0 A1C1 B0C0 B0C1 B1C0 B1C1 -A0 A1 B0 B1 C0 C1
A0B0C0 A0B0C1 A0B1C0 A0B1C1 -A1B0C0 -A1B0C1 -A1B1C0 -A1B1C1 A0B0 A0B1 -A1B0 -A1B1 A0C0 A0C1 -A1C0 -A1C1 B0C0 B0C1 B1C0 B1C1 A0 -A1 B0 B1 C0 C1
-A0B0C0 -A0B0C1 A0B1C0 A0B1C1 -A1B0C0 -A1B0C1 A1B1C0 A1B1C1 -A0B0 A0B1 -A1B0 A1B1 A0C0 A0C1 A1C0 A1C1 -B0C0 -B0C1 B1C0 B1C1 A0 A1 -B0 B1 C0 C1
A0B0C0 A0B0C1 -A0B1C0 -A0B1C1 A1B0C0 A1B0C1 -A1B1C0 -A1B1C1 A0B0 -A0B1 A1B0 -A1B1 A0C0 A0C1 A1C0 A1C1 B0C0 B0C1 -B1C0 -B1C1 A0 A1 B0 -B1 C0 C1
-A0B0C0 A0B0C1 -A0B1C0 A0B1C1 -A1B0C0 A1B0C1 -A1B1C0 A1B1C1 A0B0 A0B1 A1B0 A1B1 -A0C0 A0C1 -A1C0 A1C1 -B0C0 B0C1 -B1C0 B1C1 A0 A1 B0 B1 -C0 C1
A0B0C0 -A0B0C1 A0B1C0 -A0B1C1 A1B0C0 -A1B0C1 A1B1C0 -A1B1C1 A0B0 A0B1 A1B0 A1B1 A0C0 -A0C1 A1C0 -A1C1 B0C0 -B0C1 B1C0 -B1C1 A0 A1 B0 B1 C0 -C1

Vertices:
1 1 1 1 1 1 1 1 1 1 1 1 1 1 1 1 1 1 1 1 1 1 1 1 1 1
-1 -1 -1 -1 1 1 1 1 -1 -1 1 1 -1 -1 1 1 1 1 1 1 -1 1 1 1 1 1
1 1 1 1 -1 -1 -1 -1 1 1 -1 -1 1 1 -1 -1 1 1 1 1 1 -1 1 1 1 1
-1 -1 -1 -1 -1 -1 -1 -1 -1 -1 -1 -1 -1 -1 -1 -1 1 1 1 1 -1 -1 1 1 1 1
-1 -1 1 1 -1 -1 1 1 -1 1 -1 1 1 1 1 1 -1 -1 1 1 1 1 -1 1 1 1
1 1 -1 -1 -1 -1 1 1 1 -1 -1 1 -1 -1 1 1 -1 -1 1 1 -1 1 -1 1 1 1
-1 -1 1 1 1 1 -1 -1 -1 1 1 -1 1 1 -1 -1 -1 -1 1 1 1 -1 -1 1 1 1
1 1 -1 -1 1 1 -1 -1 1 -1 1 -1 -1 -1 -1 -1 -1 -1 1 1 -1 -1 -1 1 1 1
1 1 -1 -1 1 1 -1 -1 1 -1 1 -1 1 1 1 1 1 1 -1 -1 1 1 1 -1 1 1
-1 -1 1 1 1 1 -1 -1 -1 1 1 -1 -1 -1 1 1 1 1 -1 -1 -1 1 1 -1 1 1
1 1 -1 -1 -1 -1 1 1 1 -1 -1 1 1 1 -1 -1 1 1 -1 -1 1 -1 1 -1 1 1
-1 -1 1 1 -1 -1 1 1 -1 1 -1 1 -1 -1 -1 -1 1 1 -1 -1 -1 -1 1 -1 1 1
-1 -1 -1 -1 -1 -1 -1 -1 -1 -1 -1 -1 1 1 1 1 -1 -1 -1 -1 1 1 -1 -1 1 1
1 1 1 1 -1 -1 -1 -1 1 1 -1 -1 -1 -1 1 1 -1 -1 -1 -1 -1 1 -1 -1 1 1
-1 -1 -1 -1 1 1 1 1 -1 -1 1 1 1 1 -1 -1 -1 -1 -1 -1 1 -1 -1 -1 1 1
1 1 1 1 1 1 1 1 1 1 1 1 -1 -1 -1 -1 -1 -1 -1 -1 -1 -1 -1 -1 1 1
-1 1 -1 1 -1 1 -1 1 1 1 1 1 -1 1 -1 1 -1 1 -1 1 1 1 1 1 -1 1
1 -1 1 -1 -1 1 -1 1 -1 -1 1 1 1 -1 -1 1 -1 1 -1 1 -1 1 1 1 -1 1
-1 1 -1 1 1 -1 1 -1 1 1 -1 -1 -1 1 1 -1 -1 1 -1 1 1 -1 1 1 -1 1
1 -1 1 -1 1 -1 1 -1 -1 -1 -1 -1 1 -1 1 -1 -1 1 -1 1 -1 -1 1 1 -1 1
1 -1 -1 1 1 -1 -1 1 -1 1 -1 1 -1 1 -1 1 1 -1 -1 1 1 1 -1 1 -1 1
-1 1 1 -1 1 -1 -1 1 1 -1 -1 1 1 -1 -1 1 1 -1 -1 1 -1 1 -1 1 -1 1
1 -1 -1 1 -1 1 1 -1 -1 1 1 -1 -1 1 1 -1 1 -1 -1 1 1 -1 -1 1 -1 1
-1 1 1 -1 -1 1 1 -1 1 -1 1 -1 1 -1 1 -1 1 -1 -1 1 -1 -1 -1 1 -1 1
-1 1 1 -1 -1 1 1 -1 1 -1 1 -1 -1 1 -1 1 -1 1 1 -1 1 1 1 -1 -1 1
1 -1 -1 1 -1 1 1 -1 -1 1 1 -1 1 -1 -1 1 -1 1 1 -1 -1 1 1 -1 -1 1
-1 1 1 -1 1 -1 -1 1 1 -1 -1 1 -1 1 1 -1 -1 1 1 -1 1 -1 1 -1 -1 1
1 -1 -1 1 1 -1 -1 1 -1 1 -1 1 1 -1 1 -1 -1 1 1 -1 -1 -1 1 -1 -1 1
1 -1 1 -1 1 -1 1 -1 -1 -1 -1 -1 -1 1 -1 1 1 -1 1 -1 1 1 -1 -1 -1 1
-1 1 -1 1 1 -1 1 -1 1 1 -1 -1 1 -1 -1 1 1 -1 1 -1 -1 1 -1 -1 -1 1
1 -1 1 -1 -1 1 -1 1 -1 -1 1 1 -1 1 1 -1 1 -1 1 -1 1 -1 -1 -1 -1 1
-1 1 -1 1 -1 1 -1 1 1 1 1 1 1 -1 1 -1 1 -1 1 -1 -1 -1 -1 -1 -1 1
1 -1 1 -1 1 -1 1 -1 1 1 1 1 1 -1 1 -1 1 -1 1 -1 1 1 1 1 1 -1
-1 1 -1 1 1 -1 1 -1 -1 -1 1 1 -1 1 1 -1 1 -1 1 -1 -1 1 1 1 1 -1
1 -1 1 -1 -1 1 -1 1 1 1 -1 -1 1 -1 -1 1 1 -1 1 -1 1 -1 1 1 1 -1
-1 1 -1 1 -1 1 -1 1 -1 -1 -1 -1 -1 1 -1 1 1 -1 1 -1 -1 -1 1 1 1 -1
-1 1 1 -1 -1 1 1 -1 -1 1 -1 1 1 -1 1 -1 -1 1 1 -1 1 1 -1 1 1 -1
1 -1 -1 1 -1 1 1 -1 1 -1 -1 1 -1 1 1 -1 -1 1 1 -1 -1 1 -1 1 1 -1
-1 1 1 -1 1 -1 -1 1 -1 1 1 -1 1 -1 -1 1 -1 1 1 -1 1 -1 -1 1 1 -1
1 -1 -1 1 1 -1 -1 1 1 -1 1 -1 -1 1 -1 1 -1 1 1 -1 -1 -1 -1 1 1 -1
1 -1 -1 1 1 -1 -1 1 1 -1 1 -1 1 -1 1 -1 1 -1 -1 1 1 1 1 -1 1 -1
-1 1 1 -1 1 -1 -1 1 -1 1 1 -1 -1 1 1 -1 1 -1 -1 1 -1 1 1 -1 1 -1
1 -1 -1 1 -1 1 1 -1 1 -1 -1 1 1 -1 -1 1 1 -1 -1 1 1 -1 1 -1 1 -1
-1 1 1 -1 -1 1 1 -1 -1 1 -1 1 -1 1 -1 1 1 -1 -1 1 -1 -1 1 -1 1 -1
-1 1 -1 1 -1 1 -1 1 -1 -1 -1 -1 1 -1 1 -1 -1 1 -1 1 1 1 -1 -1 1 -1
1 -1 1 -1 -1 1 -1 1 1 1 -1 -1 -1 1 1 -1 -1 1 -1 1 -1 1 -1 -1 1 -1
-1 1 -1 1 1 -1 1 -1 -1 -1 1 1 1 -1 -1 1 -1 1 -1 1 1 -1 -1 -1 1 -1
1 -1 1 -1 1 -1 1 -1 1 1 1 1 -1 1 -1 1 -1 1 -1 1 -1 -1 -1 -1 1 -1
-1 -1 -1 -1 -1 -1 -1 -1 1 1 1 1 -1 -1 -1 -1 -1 -1 -1 -1 1 1 1 1 -1 -1
1 1 1 1 -1 -1 -1 -1 -1 -1 1 1 1 1 -1 -1 -1 -1 -1 -1 -1 1 1 1 -1 -1
-1 -1 -1 -1 1 1 1 1 1 1 -1 -1 -1 -1 1 1 -1 -1 -1 -1 1 -1 1 1 -1 -1
1 1 1 1 1 1 1 1 -1 -1 -1 -1 1 1 1 1 -1 -1 -1 -1 -1 -1 1 1 -1 -1
1 1 -1 -1 1 1 -1 -1 -1 1 -1 1 -1 -1 -1 -1 1 1 -1 -1 1 1 -1 1 -1 -1
-1 -1 1 1 1 1 -1 -1 1 -1 -1 1 1 1 -1 -1 1 1 -1 -1 -1 1 -1 1 -1 -1
1 1 -1 -1 -1 -1 1 1 -1 1 1 -1 -1 -1 1 1 1 1 -1 -1 1 -1 -1 1 -1 -1
-1 -1 1 1 -1 -1 1 1 1 -1 1 -1 1 1 1 1 1 1 -1 -1 -1 -1 -1 1 -1 -1
-1 -1 1 1 -1 -1 1 1 1 -1 1 -1 -1 -1 -1 -1 -1 -1 1 1 1 1 1 -1 -1 -1
1 1 -1 -1 -1 -1 1 1 -1 1 1 -1 1 1 -1 -1 -1 -1 1 1 -1 1 1 -1 -1 -1
-1 -1 1 1 1 1 -1 -1 1 -1 -1 1 -1 -1 1 1 -1 -1 1 1 1 -1 1 -1 -1 -1
1 1 -1 -1 1 1 -1 -1 -1 1 -1 1 1 1 1 1 -1 -1 1 1 -1 -1 1 -1 -1 -1
1 1 1 1 1 1 1 1 -1 -1 -1 -1 -1 -1 -1 -1 1 1 1 1 1 1 -1 -1 -1 -1
-1 -1 -1 -1 1 1 1 1 1 1 -1 -1 1 1 -1 -1 1 1 1 1 -1 1 -1 -1 -1 -1
1 1 1 1 -1 -1 -1 -1 -1 -1 1 1 -1 -1 1 1 1 1 1 1 1 -1 -1 -1 -1 -1
-1 -1 -1 -1 -1 -1 -1 -1 1 1 1 1 1 1 1 1 1 1 1 1 -1 -1 -1 -1 -1 -1
